Date	gdp	unemployment	cpi	Deporate
1999Q1	2,015,105.80	10	0.88	2
1999Q2	2,026,805.70	9.9	0.87	1.5
1999Q3	2,050,007.60	9.7	1.16	1.5
1999Q4	2,074,028.80	9.5	1.71	2
2000Q1	2,099,562.10	9.3	2.02	2.5
2000Q2	2,117,777.80	9	2.15	3.25
2000Q3	2,129,973.50	8.9	2.47	3.5
2000Q4	2,144,032.70	8.6	2.10	3.75
2001Q1	2,165,404.50	8.4	2.02	3.75
2001Q2	2,167,464.10	8.4	2.50	3.5
2001Q3	2,170,523.00	8.4	2.05	2.75
2001Q4	2,173,358.90	8.5	1.94	2.25
2002Q1	2,174,242.30	8.5	2.47	2.25
2002Q2	2,186,596.00	8.6	1.87	2.25
2002Q3	2,195,607.30	8.7	2.09	2.25
2002Q4	2,199,432.60	8.9	2.31	1.75
2003Q1	2,191,447.80	9	2.40	1.5
2003Q2	2,193,621.10	9	2.00	1
2003Q3	2,205,962.70	9.1	2.09	1
2003Q4	2,222,441.70	9.1	1.97	1
2004Q1	2,233,729.70	9.2	1.69	1
2004Q2	2,247,031.00	9.2	2.37	1
2004Q3	2,252,744.10	9.2	2.11	1
2004Q4	2,260,927.80	9.2	2.30	1
2005Q1	2,265,974.70	9.2	2.13	1
2005Q2	2,279,846.10	9.2	2.00	1
2005Q3	2,296,492.40	9	2.59	1
2005Q4	2,310,772.20	9	2.21	1.25
2006Q1	2,331,350.00	8.7	2.18	1.5
2006Q2	2,356,734.50	8.5	2.47	1.75
2006Q3	2,370,535.10	8.2	1.74	2
2006Q4	2,398,716.10	8	1.89	2.5
2007Q1	2,413,452.40	7.8	1.91	2.75
2007Q2	2,430,295.30	7.5	1.89	3
2007Q3	2,440,973.80	7.5	2.13	3
2007Q4	2,454,739.10	7.3	3.05	3
2008Q1	2,465,802.80	7.3	3.50	3
2008Q2	2,457,202.20	7.4	3.98	3
2008Q3	2,443,812.20	7.6	3.65	3.25
2008Q4	2,402,026.90	8.1	1.57	2
2009Q1	2,326,211.50	9	0.62	0.5
2009Q2	2,325,681.60	9.6	-0.16	0.25
2009Q3	2,334,225.30	9.9	-0.33	0.25
2009Q4	2,346,215.90	10.1	0.89	0.25
2010Q1	2,354,750.80	10.2	1.45	0.25
2010Q2	2,378,039.00	10.3	1.44	0.25
2010Q3	2,388,744.10	10.2	1.76	0.25
2010Q4	2,403,482.90	10.2	2.21	0.25
2011Q1	2,423,646.30	10	2.66	0.25
2011Q2	2,423,788.40	10	2.60	0.5
2011Q3	2,426,078.90	10.3	2.88	0.75
2011Q4	2,417,369.50	10.6	2.72	0.25
2012Q1	2,412,008.80	10.9	2.68	0.25
2012Q2	2,404,178.50	11.3	2.40	0.25
2012Q3	2,401,984.40	11.5	2.61	0
2012Q4	2,391,860.90	11.8	2.22	0
2013Q1	2,382,729.10	12	1.64	0
2013Q2	2,395,348.00	12.1	1.60	0
2013Q3	2,402,843.60	12	1.05	0
2013Q4	2,408,403.60	11.9	0.92	0
2014Q1	2,419,685.20	11.9	0.53	0
2014Q2	2,424,237.90	11.6	0.47	-0.1
2014Q3	2,435,805.50	11.5	0.32	-0.2
2014Q4	2,446,209.50	11.5	-0.16	-0.2
2015Q1	2,464,201.50	11.2	0.12	-0.2
2015Q2	2,474,182.50	11	0.42	-0.2
2015Q3	2,485,601.40	10.7	0.06	-0.2
2015Q4	2,496,277.00	10.5	0.42	-0.3
2016Q1	2,511,344.10	10.3	-0.08	-0.4
2016Q2	2,518,244.20	10.2	0.06	-0.4
2016Q3	2,529,606.80	9.9	0.39	-0.4
2016Q4	2,549,268.30	9.7	1.12	-0.4
2017Q1	2,565,791.60	9.5	1.66	-0.4
2017Q2	2,584,082.20	9.2	1.22	-0.4
2017Q3	2,604,204.90	9	1.53	-0.4
2017Q4	2,624,838.00	8.7	1.36	-0.4
2018Q1	2,631,763.60	8.5	1.38	-0.4
2018Q2	2,640,951.90	8.3	2.03	-0.4
2018Q3	2,646,544.70	8	2.08	-0.4
2018Q4	2,655,791.70	7.9	1.55	-0.4
2019Q1	2,667,501.90	7.7	1.48	-0.4
2019Q2	2,672,444.00	7.6	1.23	-0.4
2019Q3	2,678,715.30	7.6	0.89	-0.5
